Mean error vector: 
 0.363706
 0.853423
  1.78729
-0.424018
-0.152155
-0.842074
  2.33657

Covariance matrix: 
  0.273933   0.133482    0.44935 -0.0711276  0.0799115  -0.112811   0.542731
  0.133482   0.611983    1.11569  -0.298115  -0.159228  -0.587114    1.47603
   0.44935    1.11569    2.39474  -0.526562  -0.231846   -1.14549    3.05489
-0.0711276  -0.298115  -0.526562   0.173779  0.0740058   0.343596  -0.746645
 0.0799115  -0.159228  -0.231846  0.0740058   0.114299   0.173656  -0.300766
 -0.112811  -0.587114   -1.14549   0.343596   0.173656     1.0582   -1.75418
  0.542731    1.47603    3.05489  -0.746645  -0.300766   -1.75418    4.16758

Least squares error vector:
 1.51132
 2.94357
  11.174
0.862883
0.662643
  5.6401
 19.5459
